-1.5
-1.4697
-1.43939
-1.40909
-1.37879
-1.34848
-1.31818
-1.28788
-1.25758
-1.22727
-1.19697
-1.16667
-1.13636
-1.10606
-1.07576
-1.04545
-1.01515
-0.984848
-0.954545
-0.924242
-0.893939
-0.863636
-0.833333
-0.80303
-0.772727
-0.742424
-0.712121
-0.681818
-0.651515
-0.621212
-0.590909
-0.560606
-0.530303
-0.5
-0.469697
-0.439394
-0.409091
-0.378788
-0.348485
-0.318182
-0.287879
-0.257576
-0.227273
-0.19697
-0.166667
-0.136364
-0.106061
-0.0757576
-0.0454545
-0.0151515
0.0151515
0.0454545
0.0757576
0.106061
0.136364
0.166667
0.19697
0.227273
0.257576
0.287879
0.318182
0.348485
0.378788
0.409091
0.439394
0.469697
0.5
0.530303
0.560606
0.590909
0.621212
0.651515
0.681818
0.712121
0.742424
0.772727
0.80303
0.833333
0.863636
0.893939
0.924242
0.954545
0.984848
1.01515
1.04545
1.07576
1.10606
1.13636
1.16667
1.19697
1.22727
1.25758
1.28788
1.31818
1.34848
1.37879
1.40909
1.43939
1.4697
1.5
