-4.52261 6.44672
0.110157 -2.62404
-7.43597 1.13128
0.492177 -4.6573
-0.429574 -1.59814
-2.90896 -0.864267
1.93607 -4.91022
-4.05326 1.62825
5.27144 2.50738
6.77257 3.87416
-0.74062 -3.95782
-2.89244 4.45294
-2.28497 2.09861
-6.22124 -0.882304
4.11888 -3.31758
-2.67345 -6.97862
2.91739 0.6821
-0.775405 3.4312
-4.44347 -6.10306
-3.9681 -4.84983
-3.52677 2.42277
4.15241 -0.529299
-3.10636 -4.43048
4.45828 -1.96808
1.00941 3.4013
-5.61856 -2.79502
-3.00156 1.33611
-0.577207 -0.743442
7.59666 1.86614
6.2915 -3.82825
0.0676794 6.51193
7.13415 -1.62779
3.44581 5.85319
-4.56139 -5.58998
5.56075 1.11827
-2.52637 2.78465
0.309864 -2.76775
4.36508 -3.68626
7.57765 -1.56248
2.78316 5.62163
5.61652 -5.33506
4.84446 1.92007
3.67176 5.46441
-2.70828 -1.38445
-6.57329 -0.658282
7.19609 1.37322
7.39516 1.69871
-1.20159 3.38691
-6.58408 1.15311
-5.72064 5.07171
-2.04746 -3.16922
-5.54428 -5.50221
-4.47919 -5.44269
-6.68619 2.87176
2.76573 4.03804
3.03371 3.48681
6.5327 -1.38503
4.2383 3.60555
5.36794 2.17286
6.75467 3.34757
-3.73154 -2.13154
3.53009 5.08393
2.15857 4.08225
-3.50805 -0.926319
2.18763 -6.36102
-7.50501 1.3753
-0.211727 -6.87873
-2.81733 5.16957
2.22733 -5.47576
-3.03356 4.50348
-2.92525 -6.22935
1.4542 -6.42582
-3.00307 3.95417
1.22423 -0.857346
2.89323 1.63742
-7.78594 -0.575883
-6.77842 -1.56671
-2.06639 1.79108
-4.94571 4.50088
-2.11983 -3.60355
-0.281534 -7.09654
7.12494 -0.281819
0.278483 -3.15388
-3.28905 -6.53079
-4.82023 -4.15226
-1.12366 1.27312
3.38133 5.31216
-5.06164 2.01468
-2.35541 -1.78229
3.91791 -5.67617
3.95532 -4.85389
1.79793 -2.60655
3.37631 -5.09063
5.34045 1.96298
6.85272 3.19669
-1.59108 -5.72475
3.91988 -4.67134
-2.55688 4.39147
5.08577 -3.27576
2.89682 -1.7818
-3.77808 -1.34991
3.84084 0.581164
6.45871 0.0119211
7.0513 1.94113
7.83473 0.577804
-1.50201 -7.03249
-5.67296 5.47263
4.28994 -0.0836532
3.5227 -5.1098
1.12262 -3.59673
-2.62548 2.08959
-0.825368 -4.03903
7.11669 1.37785
4.98264 -0.505654
7.85264 1.32791
5.51341 4.71201
0.760654 -1.13314
-5.62959 1.83833
-6.97192 -2.22006
-0.30442 2.94215
2.70031 -1.11463
6.04484 3.95457
-0.190447 -0.930738
1.5195 3.54588
-4.04673 -5.60663
5.44096 5.68581
-2.36921 1.93259
-0.141905 0.288294
4.02281 6.80183
3.21821 -3.7689
0.443472 -0.106636
-4.98729 3.72104
7.64403 -1.11739
2.03905 -3.38876
-3.76748 -6.47881
0.293938 -4.76648
-1.04167 5.51474
3.96406 -5.56279
-0.032068 -2.60286
5.41092 0.677163
-0.102304 6.11297
-0.974669 0.545528
4.71658 4.78687
-4.75498 4.78174
-7.80378 -0.277653
3.97002 -0.55527
-0.513373 -7.23851
-3.99639 -3.40276
-4.79616 -1.96361
6.46869 1.90753
0.518811 0.284013
4.17263 -3.39545
-0.84043 6.47465
-0.109285 -0.39982
-6.06158 2.02252
-4.11076 -6.77264
6.5452 4.46291
-5.62475 -5.48836
-1.34297 0.794457
1.87017 2.53902
-5.23692 -3.5787
-3.22059 -6.83264
-1.94234 -0.889156
0.00692126 0.204214
1.09801 5.46518
-3.03575 4.59321
-0.817221 3.86087
3.84268 -6.3463
-1.67181 -7.65691
-2.62642 -2.00586
-1.18105 -3.41122
-0.961835 2.02578
-1.3064 7.39033
-0.103548 -0.178498
4.80485 2.91975
5.20455 -4.9278
3.63308 0.957274
4.75948 -1.87217
-6.41224 -0.964346
1.07452 0.0153578
-3.37437 6.48782
-4.20146 -2.4568
-1.2378 0.172315
5.34961 0.838098
2.08533 -2.51132
4.74028 3.52817
5.3268 5.7634
0.52244 7.02047
-3.93332 6.89379
4.42191 -4.94436
-5.78197 4.07358
6.92419 0.873077
6.15221 -1.01686
4.35302 0.148389
4.75025 -3.70174
6.23098 0.955147
-4.91408 -5.31474
-6.57682 -1.87328
-5.86096 -1.68513
-0.146419 0.471614
