6.510259 -3.750680
0.688973 4.828941
-0.360370 -7.939271
-2.078697 -3.016381
-1.985653 6.311426
6.092593 -4.521798
-6.879467 0.288092
1.445384 1.040388
6.703347 2.115075
-2.728606 -0.334990
-1.749053 4.026753
-5.469499 -2.622960
-6.782870 1.812943
2.022909 1.737160
3.659008 -1.278903
2.328903 2.993892
0.415444 4.350689
7.255377 3.271859
-2.254918 -7.212132
-3.188155 -0.898370
-6.609091 -0.147650
4.379014 4.835702
7.276122 -0.256270
6.568345 0.007414
5.140685 0.336164
4.362285 1.750670
-3.538953 2.933790
-1.325504 2.798048
2.247683 2.954380
4.196639 -4.517825
-0.796986 0.238405
-2.602263 3.142564
3.147101 -0.656696
-0.833545 -3.762840
2.417564 -5.868015
5.747003 -2.841969
4.653561 -4.445297
2.526815 -5.513967
-3.724791 0.126302
-0.532476 3.618508
-1.769251 0.188786
7.647724 -2.019893
-0.086684 6.455790
0.276265 -6.313341
-3.582720 5.773014
1.953243 6.352331
-2.944114 -2.492841
5.374923 -4.396780
-5.748599 -1.394351
-0.458976 -5.578809
7.294420 2.126591
5.722747 4.811632
-1.956865 7.255749
3.755568 -4.249065
0.220263 6.618718
3.847814 -3.600725
-5.039981 -2.941268
0.950190 4.986427
4.547064 6.169882
3.045440 1.640084
-2.195066 1.154353
-0.696122 -3.815957
-6.071050 3.541921
6.246957 3.749515
-0.496487 -1.483395
1.362031 -0.435154
-5.090211 -2.951598
-3.827543 -6.369938
-0.197792 3.776930
5.836579 2.407117
-2.318706 5.444711
2.652929 -3.248544
-4.882947 6.013071
5.634076 -2.637679
5.612054 2.052345
-7.192131 0.505340
-2.690148 6.563611
7.592457 -0.932429
3.535490 -2.825368
-3.286460 -6.684677
-3.486452 -6.537387
-3.864591 -1.367558
1.331297 4.090297
2.878996 6.233553
3.268779 -4.817574
1.609780 -2.999924
7.012022 -0.392046
-0.131323 -7.291654
-6.394885 0.218001
3.720174 1.207614
-6.296852 1.700515
-2.659179 3.033977
7.919057 0.301404
3.853713 -0.003571
-3.812276 0.903189
-6.143286 -4.581772
-3.129777 2.380201
-2.162640 4.681019
-2.365361 1.405394
3.186639 5.588969
-4.506521 -6.276798
4.626081 6.217116
-6.644676 -3.995295
-4.896479 2.845623
2.971061 4.287401
4.406456 2.445410
-5.340720 -2.557401
2.832426 -2.704462
-3.798441 -4.200032
-1.017994 -6.993086
-3.126979 2.964162
-5.464286 2.896002
7.947356 0.465970
2.952944 1.158199
1.300961 -3.413664
-3.660662 -0.248215
-4.714413 -2.628700
0.931317 -3.569975
4.005013 5.961155
6.034135 0.123778
6.795636 3.918384
-3.161665 -5.864345
-6.093072 -4.546522
0.452543 -2.402627
4.308002 -0.147994
-5.908229 -2.636567
1.592439 7.003405
5.549287 4.291459
1.506231 4.180660
0.610610 -5.236984
5.534234 4.239857
3.692626 -3.302827
4.686981 0.838167
2.085569 3.977747
-3.925821 -4.631066
-3.272742 2.200034
-0.543062 -2.115687
2.104133 -4.022929
1.617530 6.569250
6.603931 -0.367788
2.625088 1.691154
-2.019504 0.536067
-3.620071 -3.936098
7.043725 0.791363
0.337696 4.267289
7.473731 -0.590748
-0.002883 -7.372294
1.021808 -7.511392
-0.311014 -7.604478
-4.085951 -1.096453
-2.768058 1.963812
2.530028 3.751579
5.296815 3.967071
-1.560093 -5.013976
3.408994 3.296481
-7.365911 1.316116
-4.732333 -5.242570
-5.963283 -4.480292
1.707553 0.958435
-1.026734 2.733313
3.454638 -4.101871
-5.713066 2.166076
3.181660 1.888492
1.443852 1.890449
0.125719 3.076068
5.016816 -2.937178
-2.313062 -2.257189
1.470890 1.744426
1.807278 1.165028
4.506175 2.898209
-3.220007 6.938351
-5.115419 2.699919
4.202144 -5.837802
-5.585458 5.659236
-4.627805 5.481627
-5.408913 5.648704
-5.947219 2.238816
-0.067216 -4.394206
2.454979 7.026969
3.543145 -3.563485
4.661843 -1.052537
6.485897 -2.598093
-3.548384 1.547955
-4.265730 0.585786
1.829874 -4.688620
-1.424862 -5.903495
-4.952938 -5.850462
2.366861 -4.451552
7.047768 -0.474826
-3.855277 -4.273486
-5.548223 -0.703213
-2.238183 4.100307
6.668879 -3.523198
-6.098710 0.420097
-2.774117 -0.198538
5.457903 3.892310
-4.465733 1.465134
-5.086605 -1.034202
-5.084737 -4.590506
0.967494 3.893012
