122.391 -70.5117 -0.0740658
12.9525 90.7827 -0.174507
-6.77485 -149.256 0.00118659
-39.0789 -56.7071 -0.137758
-37.3297 118.653 -0.0452385
114.539 -85.0085 -0.0544584
-129.332 5.41604 -0.0827761
27.1728 19.559 0.0592102
126.021 39.7628 0.197613
-51.297 -6.29771 0.170637
-32.8817 75.7018 -0.127078
-102.825 -49.3109 0.0721769
-127.516 34.0828 -0.00696622
38.0301 32.6581 -0.046408
68.7883 -24.043 0.0773608
43.7827 56.2843 0.0136282
7.81022 81.7917 -0.0357579
136.399 61.51 0.0537837
-42.3918 -135.586 -0.145966
-59.9364 -16.8891 -0.178948
-124.249 -2.77577 -0.195583
82.3242 90.9098 -0.121058
136.789 -4.81781 0.0358626
123.483 0.139377 0.121443
96.6434 6.31978 -0.0853406
82.0097 32.9121 -0.195969
-66.5313 55.1544 -0.0171682
-24.9191 52.6025 0.037344
42.2558 55.5415 -0.0458077
78.8956 -84.9338 0.0525402
-14.9831 4.48195 -0.117329
-48.9218 59.0793 0.198534
59.1646 -12.3457 0.023433
-15.6704 -70.7403 0.0336141
45.4495 -110.317 0.0447757
108.042 -53.4282 -0.221149
87.4856 -83.5703 -0.0446697
47.5034 -103.661 -0.0272965
-70.025 2.37444 -0.027338
-10.0104 68.0269 -0.1497
-33.2614 3.54912 -0.0998777
143.775 -37.9734 0.0576305
-1.62964 121.367 0.112935
5.19371 -118.689 -0.213726
-67.3541 108.531 -0.121256
36.7204 119.422 -0.031284
-55.3485 -46.8647 0.123708
101.047 -82.6582 -0.102853
-108.072 -26.2134 0.231234
-8.62862 -104.88 0.0649348
137.133 39.9793 0.0629768
107.586 90.4573 -0.031561
-36.7885 136.406 0.134328
70.6036 -79.8812 -0.0525211
4.14089 124.43 0.10803
72.3378 -67.6926 -0.115697
-94.7502 -55.295 -0.166672
17.8633 93.7434 -0.0425961
85.4835 115.992 0.0680915
57.2534 30.8331 0.0882928
-41.2666 21.7015 0.0703792
-13.0869 -71.7389 -0.0582327
-114.134 66.5871 -0.0206677
117.441 70.4898 0.0842754
-9.33381 -27.8874 0.0535107
25.6058 -8.18077 -0.0362335
-95.6945 -55.4892 0.0348248
-71.9567 -119.753 0.00686088
-3.71843 71.0052 0.0734102
109.726 45.2531 0.0350824
-43.591 102.359 -0.0449925
49.8743 -61.0717 0.263415
-91.798 113.044 0.0773379
105.919 -49.5876 0.0126738
105.505 38.5835 -0.156946
-135.21 9.50025 -0.0881594
-50.574 123.394 0.0811373
142.736 -17.5294 -0.158666
66.4662 -53.1161 0.00297265
-61.7845 -125.67 0.258202
-65.5443 -122.901 -0.0816746
-72.6532 -25.7097 -0.0675324
25.028 76.8964 -0.0637267
54.1243 117.189 0.0230271
61.4521 -90.569 -0.161863
30.2634 -56.3977 0.10726
131.824 -7.37035 -0.0480295
-2.46883 -137.081 0.0433725
-120.222 4.09836 -0.102472
69.9382 22.7028 0.0273852
-118.379 31.9692 -0.168276
-49.9918 57.0379 0.0773433
148.876 5.66631 0.0149791
72.4487 -0.0671421 -0.145114
-71.6697 16.9797 0.0392245
-115.492 -86.136 0.0351696
-58.8389 44.7471 -0.0169325
-40.657 88.0018 -0.141681
-44.4681 26.421 -0.0596394
59.9079 105.071 -0.17115
-84.7213 -118.002 -0.0640047
86.969 116.88 -0.0149245
-124.918 -75.1104 0.0570119
-92.0524 53.4969 0.0877355
55.8551 80.6019 -0.274852
82.8401 45.973 -0.00366848
-100.404 -48.0784 -0.153892
53.2488 -50.8431 0.123243
-71.4096 -78.9594 -0.0855831
-19.138 -131.468 -0.0803221
-58.7863 55.7254 0.0610751
-102.727 54.444 0.0266864
149.408 8.7601 -0.0155909
55.5145 21.7738 0.140756
24.4577 -64.1759 0.0189362
-68.8194 -4.66637 0.0116664
-88.6296 -49.4188 0.082246
17.5085 -67.1145 -0.0191098
75.2931 112.068 0.0490776
113.44 2.327 0.065817
127.756 73.6645 0.108448
-59.4384 -110.248 0.105139
-114.548 -85.4733 0.0714163
8.50767 -45.1687 -0.0320901
80.9892 -2.78225 0.0440846
-111.073 -49.5667 0.0842074
29.9374 131.662 -0.0573943
104.325 80.6782 -0.00499923
28.3167 78.5952 0.0982462
11.4793 -98.4538 0.0929824
104.042 79.7081 0.146555
69.4203 -62.0922 0.061889
88.1139 15.7573 -0.0104795
39.2081 74.7805 -0.109141
-73.8043 -87.0627 -0.0142617
-61.5266 41.36 0.0598363
-10.2094 -39.7743 0.050967
39.5571 -75.6299 1.54701e-05
30.4091 123.5 0.10871
124.152 -6.91431 0.0352519
49.3509 31.7932 0.0194068
-37.9661 10.0779 0.0240827
-68.0563 -73.9975 -0.0704303
132.42 14.8774 -0.0117645
6.34858 80.2238 0.121024
140.504 -11.1059 -0.108908
-0.0542086 -138.597 0.0164369
19.2097 -141.212 -0.0479747
-5.84697 -142.962 0.0235797
-76.8147 -20.613 0.0193483
-52.0387 36.9191 -0.101613
47.5638 70.5286 0.0540324
99.5786 74.5798 0.0220828
-29.3293 -94.2613 -0.184034
64.0881 61.9729 -0.0203051
-138.477 24.7426 -0.0518878
-88.9665 -98.5588 -0.00587172
-112.108 -84.2282 -0.0649542
32.1015 18.0183 0.00813658
-19.3023 51.3855 0.104427
64.9462 -77.114 0.247565
-107.404 40.7216 0.04808
59.8143 35.5031 0.0882729
27.144 35.5399 0.0941832
2.36349 57.8292 -0.179398
94.3147 -55.2181 0.0229242
-43.4849 -42.4345 0.218544
27.6523 32.7947 0.116792
33.9763 21.9022 -0.0647587
84.7148 54.4855 -0.0116302
-60.5352 130.439 0.0621804
-96.1684 50.7577 0.0524109
78.9991 -109.749 0.122245
-105.005 106.392 -0.265853
-87.0014 103.053 0.0334708
-101.686 106.194 -0.0759215
-111.806 42.0891 0.0177957
-1.26364 -82.6098 0.12749
46.1529 132.105 0.086135
66.6101 -66.9925 -0.145929
87.6413 -19.7874 -0.0179063
121.933 -48.8434 0.0760093
-66.7086 29.1011 0.0763675
-80.1945 11.0126 -0.069725
34.4011 -88.1447 0.0465031
-26.787 -110.984 -0.0640508
-93.1138 -109.987 0.0959339
44.4963 -83.6879 -0.00331707
132.496 -8.92659 -0.0219267
-72.4781 -80.3403 -0.0197766
-104.305 -13.2202 0.0810136
-42.0772 77.0846 0.0473334
125.373 -66.2351 0.0320852
-114.654 7.8977 -0.0850891
-52.1526 -3.73245 0.00994953
102.607 73.1743 0.161663
-83.9545 27.5441 -0.00239185
-95.6267 -19.4427 -0.0416718
-95.5916 -86.3002 -0.056573
18.1886 73.1875 -0.16364

donors: posX, posY
46.6067 67.7428
83.4837 9.15289
52.2187 31.1348
